[app/ui]
version = 7.2.6
modtime = 1559243633.445915000

[app/launcher]
version = 7.2.6
modtime = 1559243633.447654000
